[gd_scene load_steps=22 format=3 uid="uid://c4hos6tghqw1v"]

[ext_resource type="Texture2D" uid="uid://dsy6a7ls43nux" path="res://8k_sun.jpg" id="1_eg74v"]
[ext_resource type="Script" path="res://RigidBody3D.gd" id="2_6krv8"]
[ext_resource type="Script" path="res://Node2D.gd" id="4_5pdbf"]
[ext_resource type="PackedScene" uid="uid://c37lrm54fnr0b" path="res://test_ship_2.tscn" id="4_pag8e"]
[ext_resource type="PackedScene" uid="uid://dsw8148fpkbdq" path="res://Projectile_launcher/untitled.glb" id="5_6j033"]
[ext_resource type="PackedScene" uid="uid://bcmpmxovtlbvh" path="res://Test_ship_1.tscn" id="5_o8lw3"]
[ext_resource type="Texture2D" uid="uid://dnihe717jxfdg" path="res://8k_stars.jpg" id="5_qt4ow"]
[ext_resource type="Script" path="res://player_enemy.gd" id="7_puvbw"]
[ext_resource type="PackedScene" uid="uid://cxah2gpjelp4f" path="res://Enemy/untitled.glb" id="8_hbrlx"]
[ext_resource type="PackedScene" uid="uid://blde8arp2kyxi" path="res://enemy_laser.tscn" id="9_gi75n"]

[sub_resource type="CapsuleShape3D" id="CapsuleShape3D_jp05p"]

[sub_resource type="StandardMaterial3D" id="StandardMaterial3D_jcebe"]
emission_enabled = true
emission = Color(0, 0.772549, 1, 1)
emission_energy_multiplier = 5.75

[sub_resource type="BoxMesh" id="BoxMesh_7wwhm"]
material = SubResource("StandardMaterial3D_jcebe")
size = Vector3(0.045, 0.075, 0.025)

[sub_resource type="StandardMaterial3D" id="StandardMaterial3D_ejosr"]
metallic = 1.0
metallic_texture = ExtResource("1_eg74v")
emission_enabled = true
emission = Color(1, 0, 0, 1)
emission_energy_multiplier = 1.18
emission_texture = ExtResource("1_eg74v")

[sub_resource type="SphereMesh" id="SphereMesh_r6vac"]
material = SubResource("StandardMaterial3D_ejosr")
radius = 50.0
height = 100.0
radial_segments = 128
rings = 128

[sub_resource type="SphereShape3D" id="SphereShape3D_efwe2"]
radius = 170.0

[sub_resource type="SphereShape3D" id="SphereShape3D_8w466"]
radius = 100.0

[sub_resource type="SphereShape3D" id="SphereShape3D_ylvvx"]
radius = 0.321171

[sub_resource type="PanoramaSkyMaterial" id="PanoramaSkyMaterial_najnh"]
panorama = ExtResource("5_qt4ow")

[sub_resource type="Sky" id="Sky_dmcn1"]
sky_material = SubResource("PanoramaSkyMaterial_najnh")

[sub_resource type="Environment" id="Environment_wh4qx"]
background_mode = 2
sky = SubResource("Sky_dmcn1")
ambient_light_source = 2
ambient_light_color = Color(0.133196, 0.133196, 0.133196, 1)
ambient_light_energy = 0.5
glow_enabled = true
glow_intensity = 0.63
glow_strength = 0.98
glow_bloom = 0.07
glow_blend_mode = 0
fog_light_energy = 0.0
fog_height = -1024.0
volumetric_fog_density = 0.0001

[node name="Node3D" type="Node3D"]

[node name="Spaceship" type="RigidBody3D" parent="."]
unique_name_in_owner = true
transform = Transform3D(1, 0, 0, 0, 1, 0, 0, 0, 1, 0, 0, 1600.3)
linear_damp = 2.5
angular_damp = 2.0
script = ExtResource("2_6krv8")

[node name="CanvasLayer" type="CanvasLayer" parent="Spaceship"]

[node name="CollisionShape3D" type="CollisionShape3D" parent="Spaceship"]
transform = Transform3D(1, 0, 0, 0, 1, 0, 0, 0, 1, 0, 0, 0)
shape = SubResource("CapsuleShape3D_jp05p")

[node name="Camera3D" type="Camera3D" parent="Spaceship"]
transform = Transform3D(1, 0, 0, 0, 0.968148, 0.25038, 0, -0.25038, 0.968148, 0, 9.476, 17.999)
fov = 71.6

[node name="CoordinateCheck" type="Node2D" parent="Spaceship"]
unique_name_in_owner = true
script = ExtResource("4_5pdbf")

[node name="Ship_axis" type="Node3D" parent="Spaceship"]
unique_name_in_owner = true
transform = Transform3D(1, 0, 0, 0, 1, 0, 0, 0, 1, 0, 0.847296, 0)

[node name="test_ship2" parent="Spaceship/Ship_axis" instance=ExtResource("5_o8lw3")]
transform = Transform3D(-1.7, 0, -2.56693e-07, 0, 1.7, 0, 2.56693e-07, 0, -1.7, 0, -1.19479, 0)

[node name="test_ship1" parent="Spaceship/Ship_axis" instance=ExtResource("4_pag8e")]
transform = Transform3D(-6.55671e-09, 0, -0.15, 0, 0.15, 0, 0.15, 0, -6.55671e-09, 0, 0, 0)
visible = false

[node name="Projectile_launcher_position" type="Marker3D" parent="Spaceship/Ship_axis"]
unique_name_in_owner = true
transform = Transform3D(1, 0, 0, 0, 1, 0, 0, 0, 1, 0, 5.034, 5)

[node name="ProjectileLauncher" parent="Spaceship/Ship_axis" instance=ExtResource("5_6j033")]
unique_name_in_owner = true
transform = Transform3D(-1.4972, 0, -0.0915728, 0, 1.5, 0, 0.0915728, 0, -1.4972, 0, 5.034, 5)

[node name="MeshInstance3D" type="MeshInstance3D" parent="Spaceship/Ship_axis/ProjectileLauncher"]
transform = Transform3D(0.999999, 0, 0, 0, 0.992547, -0.121869, 0, 0.121869, 0.992546, 0.0690002, 0.33, 0.665161)
mesh = SubResource("BoxMesh_7wwhm")

[node name="MeshInstance3D2" type="MeshInstance3D" parent="Spaceship/Ship_axis/ProjectileLauncher"]
transform = Transform3D(0.999999, 0, -3.72529e-09, 0, 0.992547, -0.121869, 0, 0.121869, 0.992545, 0.0690079, 0.33, 0.584961)
mesh = SubResource("BoxMesh_7wwhm")

[node name="MeshInstance3D3" type="MeshInstance3D" parent="Spaceship/Ship_axis/ProjectileLauncher"]
transform = Transform3D(0.999999, 0, -3.72529e-09, 0, 0.992547, -0.121869, 0, 0.121869, 0.992545, 0.0690002, 0.33, 0.500122)
mesh = SubResource("BoxMesh_7wwhm")

[node name="MeshInstance3D4" type="MeshInstance3D" parent="Spaceship/Ship_axis/ProjectileLauncher"]
transform = Transform3D(0.999999, -9.31323e-10, 3.72529e-09, 0, 0.992547, -0.121869, 7.45058e-09, 0.121869, 0.992545, -0.168198, 0.33, 0.659058)
mesh = SubResource("BoxMesh_7wwhm")

[node name="MeshInstance3D5" type="MeshInstance3D" parent="Spaceship/Ship_axis/ProjectileLauncher"]
transform = Transform3D(0.999999, -1.86265e-09, -3.72529e-09, 0, 0.992547, -0.121869, 7.45058e-09, 0.121869, 0.992545, -0.16819, 0.33, 0.578979)
mesh = SubResource("BoxMesh_7wwhm")

[node name="MeshInstance3D6" type="MeshInstance3D" parent="Spaceship/Ship_axis/ProjectileLauncher"]
transform = Transform3D(0.999999, -1.86265e-09, -3.72529e-09, 0, 0.992547, -0.121869, 7.45058e-09, 0.121869, 0.992545, -0.168198, 0.33, 0.494141)
mesh = SubResource("BoxMesh_7wwhm")

[node name="Sun" type="MeshInstance3D" parent="."]
transform = Transform3D(4.72047, 0, 0, 0, 4.81709, 0, 0, 0, 5.16593, 0, 0, 0)
mesh = SubResource("SphereMesh_r6vac")

[node name="GravityWarn" type="Area3D" parent="Sun"]

[node name="CollisionShape3D" type="CollisionShape3D" parent="Sun/GravityWarn"]
shape = SubResource("SphereShape3D_efwe2")

[node name="HeatWarn" type="Area3D" parent="Sun"]

[node name="CollisionShape3D" type="CollisionShape3D" parent="Sun/HeatWarn"]
shape = SubResource("SphereShape3D_8w466")

[node name="Gravity" type="Area3D" parent="Sun"]
transform = Transform3D(50, 0, 0, 0, 50, 0, 0, 0, 50, 0, 0, 0)
gravity_space_override = 1
gravity_point = true
gravity_point_unit_distance = 1024.0
gravity_point_center = Vector3(0, 0, 0)
gravity_direction = Vector3(0, 0, 0)
gravity = 10.0

[node name="CollisionShape3D" type="CollisionShape3D" parent="Sun/Gravity"]
transform = Transform3D(50, 0, 0, 0, 50, 0, 0, 0, 50, 0, 0, 0)
shape = SubResource("SphereShape3D_ylvvx")

[node name="OmniLight3D" type="OmniLight3D" parent="Sun"]
light_color = Color(1, 0.768627, 0.537255, 1)
light_energy = 16.0
light_specular = 16.0
distance_fade_enabled = true
distance_fade_length = 4096.0
omni_range = 4096.0
omni_attenuation = 0.57435

[node name="WorldEnvironment" type="WorldEnvironment" parent="."]
environment = SubResource("Environment_wh4qx")

[node name="RigidBody3D" type="RigidBody3D" parent="."]
transform = Transform3D(-0.998562, 0, 0.0536084, 0, 1, 0, -0.0536084, 0, -0.998562, 0, 0, 1384.23)
linear_damp = 23.712
angular_damp = 8.531
script = ExtResource("7_puvbw")

[node name="Enemy" parent="RigidBody3D" instance=ExtResource("8_hbrlx")]
unique_name_in_owner = true
transform = Transform3D(-2, 0, -1.74846e-07, 0, 2, 0, 1.74846e-07, 0, -2, 0, 0, 0)

[node name="Enemy_laser" parent="RigidBody3D/Enemy" instance=ExtResource("9_gi75n")]
transform = Transform3D(-1, 0, -8.74228e-08, 0, 1, 0, 8.74228e-08, 0, -1, 0, 0, 0)

[node name="BulletSpawn" type="Node3D" parent="RigidBody3D"]
transform = Transform3D(1, 0, 0, 0, 1, 0, 0, 0, 1, 3.39572, 5.39418, -2.36438)

[node name="Timer" type="Timer" parent="RigidBody3D"]
wait_time = 0.5
autostart = true

[connection signal="body_entered" from="Sun/GravityWarn" to="Spaceship" method="_on_gravity_warn_body_entered"]
[connection signal="body_entered" from="Sun/HeatWarn" to="Spaceship" method="_on_heat_warn_body_entered"]
[connection signal="timeout" from="RigidBody3D/Timer" to="RigidBody3D" method="_on_timer_timeout"]
